380 COLLATION OF PAGmA'rmN.

 

 

 

 

Ed. Nov. Hem-ne. Bouquet. EtLNov. Heame. ς Bouquet.
voL. 1. VOL. 1.

63 71 xfiL 158 107 130 xfiL 163
64 72 „ 108 131

65 73 „ 109 132

66 74 „ 110 134

67 76 „ 111 135

68 77 „ 112 137

69 78 „ 113 138 „

70 79 „ 114 139 „ 164
71 81 „ 115 141

72 82 „ 159 116 142

73 83 „ 117 143

74 84 „ 160 118 144

75 85 „ 119 145 „

76 87 „ 161 120 147 „ 165
77 88 , 121 148 „

78 90 „ 122 149 „ 166
79 91 ἱ 123 150

80 92 „ 124 151 „

81 94 ,, 162 125 153 ,, 167
82 95 ι ,, 126 154

83 96 „ 163 127 155

84 97 Ι , 128 157

85 99 5 „ 129 158

86 100 Ι „ 130 159

87 102 ,, 131 162

88 103 „ 132 162 „

89 105 „ 133 164 „ 168
90 106 „ 134 165

91 108 „ 135 166

92 109 „ 136 167

93 110 „ 137 168

94 111 “ „ 138 170

95 113 1 „ 139 171

96 114 „ 140 172

97 115 ι „ 141 174

98 117 „ 142 176

99 119 l „ 143 178

100 120 „ 144 179

101 121 1 „ 145 180

102 123 Ι „ 146 182

103 124 „ 147 183

104 126 „ 148 185

105 127 1 „ 149 186

⁸ υ

106 150 188 1 ,,

 

