common OF PAGmATIoN. 385

 

Ed. Nov, ξ Hem-ne.

 

 

 

Bouquet. Ed. Nov, Hearne. Bouquet.
von. 11. ξ VOL. 11.

140 ' 622 Χνϋ.509 184 668 xvfi.526
141 623 „ 510 185 670 „ 527
142 624 ,, 186 671

143 625 „ 511 187 672 „

144 627 „ 188 673 „ 528
145 628 „ 189 674

146 629 „ 512 190 675 „

147 630 „ 191 676 „ 529
148 631 „ 192 676 „ 530
149 631 „ 513 193 678 „ 531
150 632 „ 194 679 „

151 633 „ 195 680 „ 532
152 634 „ 196 681

153 635 „ 197 682 „

154 636 „ 198 683 „ 533
155 637 „ 199 684

156 638 „ 514 200 685 „

157 639 „ 201 686 „ 534
158 640 „ 202 687

159 . 641 „ 515 203 688 „

160 642 „ 204 689 „ 535
161 643 „ 516 205 691 „

162 644 „ 517 206 692 „ 536
163 645 „ 207 693

164 646 „ 518 208 694

165 648 „ 209 694 „

166 648 „ 210 695 „ 537
167 650 „ 519 211 696

168 651 „ 212 697 , „

169 652 „ 520 213 698 „ 538
170 653 „ 214 699

171 654 „ 521 215 700

172 656 „ 216 701

173 657 „ 522 217 703

174 658 „ 218 705

175 659 „ 219 706 „

176 660 „ 523 220 708 „ 539
177 661 „ 221 709 „

178 662 „ 524 222 711 „ 540
179 663 „ 223 712

180 664 „ 224 714

181 665 „ 525 225 715

182 666 „ 226 717

183 667 „ 526 227 718

VOL. 11. Β 11,

